0 0.0
0 0.0
0.1 0.98
0.2 1.96
0.3 2.94
0.4 3.92
0.5 4.9
0.6 5.88
0.7 6.86
0.8 7.84
0.9 8.82
1.0 9.8
1.1 10.78
1.2 11.76
1.3 12.74
1.4 13.72
1.5 14.7
1.6 15.68
1.7 16.66
1.8 17.64
1.9 18.62
2.0 19.6
2.1 20.58
2.2 21.56
2.3 22.54
2.4 23.52
2.5 24.5
2.6 25.48
2.7 26.46
2.8 27.44
2.9 28.42
3.0 29.4
3.1 30.38
3.2 31.36
3.3 32.34
3.4 33.32
3.5 34.3
3.6 35.28
3.7 36.26
3.8 37.24
3.9 38.22
4.0 39.2
4.1 40.18
4.2 41.16
4.3 42.14
4.4 43.12
4.5 44.1
4.6 45.08
4.7 46.06
4.8 47.04
4.9 48.02
5.0 49.0
5.1 49.98
5.2 50.96
5.3 51.94
5.4 52.92
5.5 53.9
5.6 54.88
5.7 55.86
5.8 56.84
5.9 57.82
6.0 58.8
6.1 59.78
6.2 60.76
6.3 61.74
6.4 62.72
6.5 63.7
6.6 64.68
6.7 65.66
6.8 66.64
6.9 67.62
7.0 68.6
7.1 69.58
7.2 70.56
7.3 71.54
7.4 72.52
7.5 73.5
7.6 74.48
7.7 75.46
7.8 76.44
7.9 77.42
8.0 78.4
8.1 79.38
8.2 80.36
8.3 81.34
8.4 82.32
8.5 83.3
8.6 84.28
8.7 85.26
8.8 86.24
8.9 87.22
9.0 88.2
9.1 89.18
9.2 90.16
9.3 91.14
9.4 92.12
9.5 93.1
9.6 94.08
9.7 95.06
9.8 96.04
9.9 97.02

这是dt=0.1的数据
